1.0 1.0
1.1 1.1
1.2000000000000002 1.2
1.3000000000000003 1.3
1.4000000000000004 1.4
1.5000000000000004 1.5
1.6000000000000005 1.6
1.7000000000000006 1.7
1.8000000000000007 1.8
1.9000000000000008 1.9
2.000000000000001 2.0
2.100000000000001 2.1
2.200000000000001 2.2
2.300000000000001 2.3
2.4000000000000012 2.4
2.5000000000000013 2.5
2.6000000000000014 2.6
2.7000000000000015 2.7
2.8000000000000016 2.8
2.9000000000000017 2.9
3.0000000000000018 3.0
3.100000000000002 3.1
3.200000000000002 3.2
3.300000000000002 3.3
3.400000000000002 3.4
3.500000000000002 3.5
3.6000000000000023 3.6
3.7000000000000024 3.7
3.8000000000000025 3.8
3.9000000000000026 3.9
4.000000000000003 4.0
4.100000000000003 4.1
4.200000000000003 4.2
4.3000000000000025 4.3
4.400000000000003 4.4
4.5000000000000036 4.5
4.600000000000003 4.6
4.700000000000003 4.7
4.800000000000003 4.8
4.900000000000004 4.9
5.0000000000000036 5.0
5.100000000000003 5.0
5.200000000000004 5.0
5.300000000000004 5.0
5.400000000000004 5.0
5.5000000000000036 5.0
5.600000000000004 5.0
5.700000000000005 5.0
5.800000000000004 5.0
5.900000000000004 5.0
6.000000000000004 5.0
6.100000000000005 5.0
6.200000000000005 5.0
6.300000000000004 5.0
6.400000000000005 5.0
6.500000000000005 5.0
6.600000000000005 5.0
6.700000000000005 5.0
6.800000000000005 5.0
6.900000000000006 5.0
7.000000000000005 5.0
7.100000000000005 5.0
7.2000000000000055 5.0
7.300000000000006 5.0
7.400000000000006 5.0
7.500000000000005 5.0
7.600000000000006 5.0
7.700000000000006 5.0
7.800000000000006 5.0
7.900000000000006 5.0
8.000000000000007 5.0
8.100000000000007 5.0
8.200000000000006 5.0
8.300000000000006 5.0
8.400000000000006 5.0
8.500000000000007 5.0
8.600000000000007 5.0
8.700000000000006 5.0
8.800000000000008 5.0
8.900000000000007 5.0
9.000000000000007 5.0
9.100000000000007 5.0
9.200000000000006 5.0
9.300000000000008 5.0
9.400000000000007 5.0
9.500000000000007 5.0
9.600000000000009 5.0
9.700000000000008 5.0
9.800000000000008 5.0
9.900000000000007 5.0
10.000000000000007 5.0
